WAYPOINTS = [
    (560, 250),         # Start/Finish
    (440, 270), 
    (355, 280),
    (275, 310),
    (235, 365),
    (180, 425),
    (155, 525),
    (150, 640),
    (200, 750),
    (280, 830),
    (380, 890),
    (500, 920),
    (630, 930),
    (760, 930),
    (880, 930),
    (990, 930),
    (1120, 930),
    (1230, 925),
    (1350, 920),
    (1460, 910),
    (1580, 870),
    (1660, 780),
    (1725, 670),
    (1775, 565),
    (1810, 460),
    (1805, 350),
    (1750, 270),
    (1660, 230),
    (1560, 245),
    (1515, 300),
    (1480, 365),
    (1405, 445),
    (1300, 500),
    (1215, 500),
    (1160, 480),
    (1115, 440),
    (1060, 370),
    (950, 310),
    (840, 270),
    (740, 260),
    (650, 255),
    (560, 250), 
